1774777897050 5.838401263043032 0
1774778205966 4.466032756587206 1
1774778515029 4.237079935558771 2
1774779515892 3.80561539884341 3
1774780385367 3.338996200238244 4
1774781283089 3.2800033314753385 5
1774782148647 2.9579983383922253 6
1774782914529 2.923071386450428 7
1774783676324 2.743782456648552 8
1774784500030 2.65323422318798 9
1774785358615 2.5588138275227306 10
1774786135116 2.340511696823573 11
1774786914686 2.3874255277342717 12
1774787688501 2.3708511752597357 13
1774788457864 2.2639096025693215 14
1774789276735 2.204420663542667 15
1774790100517 2.042392984285193 16
1774790916285 2.0668575955649553 17
1774791774192 2.0713355803893783 18
1774792606866 2.1063520777023443 19
1774793417113 1.9802906200037165 20
1774794220570 2.033263368121648 21
1774795044685 1.9199124493841397 22
1774795839353 1.9849256216469457 23
