1774777897050 0.3781779661016949 0
1774778205966 0.4872881355932203 1
1774778515029 0.4909957627118644 2
1774779515892 0.4994703389830508 3
1774780385367 0.5789194915254238 4
1774781283089 0.5911016949152542 5
1774782148647 0.6175847457627118 6
1774782914529 0.6128177966101694 7
1774783676324 0.6488347457627118 8
1774784500030 0.6504237288135594 9
1774785358615 0.6440677966101694 10
1774786135116 0.6875 11
1774786914686 0.6673728813559322 12
1774787688501 0.676906779661017 13
1774788457864 0.691207627118644 14
1774789276735 0.6890889830508474 15
1774790100517 0.7065677966101694 16
1774790916285 0.7065677966101694 17
1774791774192 0.715572033898305 18
1774792606866 0.7065677966101694 19
1774793417113 0.7086864406779662 20
1774794220570 0.7060381355932204 21
1774795044685 0.7229872881355932 22
1774795839353 0.694385593220339 23
